_viz_0 = nengo_gui.components.HTMLView(env)
_viz_config[_viz_0].x = 0.98933465947515
_viz_config[_viz_0].y = 0.45839114095161476
_viz_config[_viz_0].width = 0.19568687730153878
_viz_config[_viz_0].height = 0.29120991819774444
_viz_config[_viz_0].label_visible = True
_viz_1 = nengo_gui.components.Slider(path_end_point)
_viz_config[_viz_1].max_value = 1000
_viz_config[_viz_1].min_value = 0
_viz_config[_viz_1].x = 0.08161910119359368
_viz_config[_viz_1].y = 0.40192711272591153
_viz_config[_viz_1].width = 0.09784343865076939
_viz_config[_viz_1].height = 0.29120991819774444
_viz_config[_viz_1].label_visible = True
_viz_net_graph = nengo_gui.components.NetGraph()
_viz_progress = nengo_gui.components.Progress()
_viz_config[_viz_progress].x = 0
_viz_config[_viz_progress].y = 0
_viz_config[_viz_progress].width = 100
_viz_config[_viz_progress].height = 100
_viz_config[_viz_progress].label_visible = True
_viz_sim_control = nengo_gui.components.SimControl()
_viz_config[_viz_sim_control].shown_time = 0.5
_viz_config[_viz_sim_control].kept_time = 4.0
_viz_config[controller_pop].pos=(0.4810249007364067, 0.03918769246752307)
_viz_config[controller_pop].size=(0.08029618286891332, 0.1312630137319766)
_viz_config[env].pos=(0.480392156862745, 0.5015993349048525)
_viz_config[env].size=(0.07843137254901959, 0.11522744007533284)
_viz_config[model].pos=(0.10300343212060273, 0.2584941758380345)
_viz_config[model].size=(0.6786460424188754, 0.6786460424188754)
_viz_config[model].expanded=True
_viz_config[model].has_layout=True
_viz_config[path_end_point].pos=(0.0809743047024886, 0.49999999999999944)
_viz_config[path_end_point].size=(0.10044510391488987, 0.2991678431880555)